Leeftijdsgroep;Man;Vrouw;Overleden
0-4;0;0;0
5-9;0;0;0
10-14;0;0;0
15-19;1;0;1
20-24;0;0;0
25-29;3;0;3
30-34;2;1;3
35-39;5;2;7
40-44;5;0;5
45-49;8;14;22
50-54;24;19;43
55-59;72;23;95
60-64;107;50;157
65-69;207;110;317
70-74;371;233;604
75-79;637;332;969
80-84;711;500;1211
85-89;673;616;1289
90-94;304;471;775
95+;73;214;287
