Leeftijdsgroep;Man;Vrouw;Overleden
0-4;0;0;0
5-9;0;0;0
10-14;0;0;0
15-19;0;0;0
20-24;0;0;0
25-29;3;0;3
30-34;1;1;2
35-39;3;1;4
40-44;4;0;4
45-49;3;6;9
50-54;18;12;30
55-59;38;15;53
60-64;67;32;99
65-69;144;67;211
70-74;242;139;381
75-79;443;206;649
80-84;467;300;767
85-89;429;301;730
90-94;155;233;388
95+;37;91;128
