Leeftijdsgroep;Man;Vrouw;Overleden
0-4;0;0;0
5-9;0;0;0
10-14;0;0;0
15-19;1;0;1
20-24;0;0;0
25-29;3;0;3
30-34;2;1;3
35-39;5;1;6
40-44;5;0;5
45-49;6;11;17
50-54;19;18;37
55-59;62;21;83
60-64;98;46;144
65-69;189;106;295
70-74;334;216;550
75-79;600;302;902
80-84;661;449;1110
85-89;612;532;1144
90-94;266;393;659
95+;66;178;244
