Leeftijdsgroep;Man;Vrouw;Overleden
0-4;0;0;0
5-9;0;0;0
10-14;0;0;0
15-19;1;0;1
20-24;0;0;0
25-29;3;0;3
30-34;3;1;4
35-39;5;2;7
40-44;7;0;7
45-49;9;15;24
50-54;27;20;47
55-59;75;24;99
60-64;112;51;163
65-69;225;116;341
70-74;388;246;634
75-79;664;351;1015
80-84;748;534;1282
85-89;723;669;1392
90-94;326;519;845
95+;74;237;311
