Leeftijdsgroep;Man;Vrouw;Overleden
0-4;0;0;0
5-9;0;0;0
10-14;0;0;0
15-19;1;0;1
20-24;0;0;0
25-29;3;0;3
30-34;2;1;3
35-39;4;1;5
40-44;4;0;4
45-49;5;10;15
50-54;19;14;33
55-59;54;19;73
60-64;86;38;124
65-69;171;89;260
70-74;303;182;485
75-79;539;263;802
80-84;568;384;952
85-89;533;436;969
90-94;228;325;553
95+;54;138;192
