Leeftijdsgroep;Man;Vrouw;Overleden
0-4;0;0;0
5-9;0;0;0
10-14;0;0;0
15-19;1;0;1
20-24;0;0;0
25-29;3;0;3
30-34;2;1;3
35-39;5;2;7
40-44;5;0;5
45-49;8;14;22
50-54;24;18;42
55-59;70;23;93
60-64;103;49;152
65-69;203;109;312
70-74;362;230;592
75-79;631;326;957
80-84;700;490;1190
85-89;664;596;1260
90-94;295;459;754
95+;72;205;277
