Leeftijdsgroep;Man;Vrouw;Overleden
0-4;0;0;0
5-9;0;0;0
10-14;0;0;0
15-19;1;0;1
20-24;0;0;0
25-29;3;0;3
30-34;3;1;4
35-39;5;2;7
40-44;7;0;7
45-49;9;15;24
50-54;27;20;47
55-59;75;24;99
60-64;112;51;163
65-69;224;116;340
70-74;387;243;630
75-79;660;346;1006
80-84;745;529;1274
85-89;722;667;1389
90-94;324;516;840
95+;74;237;311
