Leeftijdsgroep;Man;Vrouw;Overleden
0-4;0;0;0
5-9;0;0;0
10-14;0;0;0
15-19;1;0;1
20-24;0;0;0
25-29;3;0;3
30-34;2;1;3
35-39;4;1;5
40-44;4;0;4
45-49;5;10;15
50-54;19;15;34
55-59;54;19;73
60-64;86;38;124
65-69;172;91;263
70-74;303;185;488
75-79;544;266;810
80-84;572;387;959
85-89;541;441;982
90-94;232;328;560
95+;54;139;193
