Leeftijdsgroep;Man;Vrouw;Overleden
0-4;0;0;0
5-9;0;0;0
10-14;0;0;0
15-19;1;0;1
20-24;0;0;0
25-29;3;0;3
30-34;2;1;3
35-39;5;1;6
40-44;5;0;5
45-49;6;11;17
50-54;19;18;37
55-59;61;21;82
60-64;96;46;142
65-69;187;101;288
70-74;326;212;538
75-79;589;295;884
80-84;651;440;1091
85-89;599;514;1113
90-94;257;377;634
95+;63;174;237
