Leeftijdsgroep;Man;Vrouw;Overleden
0-4;0;0;0
5-9;0;0;0
10-14;0;0;0
15-19;1;0;1
20-24;0;0;0
25-29;3;0;3
30-34;1;1;2
35-39;3;1;4
40-44;4;0;4
45-49;4;10;14
50-54;18;13;31
55-59;47;16;63
60-64;79;36;115
65-69;159;79;238
70-74;282;164;446
75-79;500;240;740
80-84;525;350;875
85-89;489;377;866
90-94;199;286;485
95+;49;117;166
