Leeftijdsgroep;Man;Vrouw;Overleden
0-4;0;0;0
5-9;0;0;0
10-14;0;0;0
15-19;0;0;0
20-24;0;0;0
25-29;3;0;3
30-34;1;1;2
35-39;2;1;3
40-44;3;0;3
45-49;3;5;8
50-54;15;13;28
55-59;37;15;52
60-64;64;28;92
65-69;132;64;196
70-74;224;122;346
75-79;417;181;598
80-84;430;267;697
85-89;394;275;669
90-94;140;195;335
95+;26;75;101
