Leeftijdsgroep;Man;Vrouw;Overleden
0-4;0;0;0
5-9;0;0;0
10-14;0;0;0
15-19;1;0;1
20-24;0;0;0
25-29;3;0;3
30-34;3;1;4
35-39;5;2;7
40-44;7;0;7
45-49;9;15;24
50-54;27;20;47
55-59;75;24;99
60-64;112;51;163
65-69;223;116;339
70-74;387;245;632
75-79;662;346;1008
80-84;746;529;1275
85-89;722;667;1389
90-94;325;516;841
95+;74;237;311
