Leeftijdsgroep;Man;Vrouw;Overleden
0-4;0;0;0
5-9;0;0;0
10-14;0;0;0
15-19;1;0;1
20-24;0;0;0
25-29;3;0;3
30-34;2;1;3
35-39;5;1;6
40-44;5;0;5
45-49;7;12;19
50-54;19;18;37
55-59;63;21;84
60-64;98;46;144
65-69;192;106;298
70-74;339;218;557
75-79;611;307;918
80-84;665;452;1117
85-89;622;539;1161
90-94;274;412;686
95+;66;182;248
