Leeftijdsgroep;Man;Vrouw;Overleden
0-4;0;0;0
5-9;0;0;0
10-14;0;0;0
15-19;0;0;0
20-24;0;0;0
25-29;2;0;2
30-34;1;1;2
35-39;1;1;2
40-44;2;0;2
45-49;2;5;7
50-54;9;10;19
55-59;27;12;39
60-64;52;21;73
65-69;111;57;168
70-74;185;95;280
75-79;348;156;504
80-84;384;226;610
85-89;338;234;572
90-94;116;165;281
95+;19;61;80
