Leeftijdsgroep;Man;Vrouw;Overleden
0-4;0;0;0
5-9;0;0;0
10-14;0;0;0
15-19;1;0;1
20-24;0;0;0
25-29;3;0;3
30-34;2;1;3
35-39;5;2;7
40-44;5;0;5
45-49;8;14;22
50-54;24;18;42
55-59;71;23;94
60-64;103;49;152
65-69;206;109;315
70-74;363;231;594
75-79;631;328;959
80-84;702;491;1193
85-89;667;603;1270
90-94;297;459;756
95+;72;206;278
