Leeftijdsgroep;Man;Vrouw;Overleden
0-4;0;0;0
5-9;0;0;0
10-14;0;0;0
15-19;1;0;1
20-24;0;0;0
25-29;3;0;3
30-34;2;1;3
35-39;5;1;6
40-44;5;0;5
45-49;6;11;17
50-54;19;17;36
55-59;59;21;80
60-64;94;45;139
65-69;184;96;280
70-74;318;204;522
75-79;573;286;859
80-84;624;423;1047
85-89;577;485;1062
90-94;249;359;608
95+;60;164;224
