Leeftijdsgroep;Man;Vrouw;Overleden
0-4;0;0;0
5-9;0;0;0
10-14;0;0;0
15-19;1;0;1
20-24;0;0;0
25-29;3;0;3
30-34;2;1;3
35-39;4;1;5
40-44;4;0;4
45-49;4;10;14
50-54;18;14;32
55-59;48;16;64
60-64;81;37;118
65-69;161;81;242
70-74;289;171;460
75-79;508;243;751
80-84;535;361;896
85-89;499;403;902
90-94;207;301;508
95+;52;121;173
