Leeftijdsgroep;Man;Vrouw;Overleden
0-4;0;0;0
5-9;0;0;0
10-14;0;0;0
15-19;1;0;1
20-24;0;0;0
25-29;3;0;3
30-34;1;1;2
35-39;3;1;4
40-44;4;0;4
45-49;3;8;11
50-54;18;13;31
55-59;45;16;61
60-64;76;35;111
65-69;158;74;232
70-74;274;158;432
75-79;485;235;720
80-84;515;336;851
85-89;477;355;832
90-94;189;271;460
95+;47;113;160
