Leeftijdsgroep;Man;Vrouw;Overleden
0-4;0;0;0
5-9;0;0;0
10-14;0;0;0
15-19;1;0;1
20-24;0;0;0
25-29;3;0;3
30-34;2;1;3
35-39;5;2;7
40-44;5;0;5
45-49;8;14;22
50-54;24;18;42
55-59;70;23;93
60-64;103;49;152
65-69;200;109;309
70-74;359;230;589
75-79;629;325;954
80-84;698;488;1186
85-89;660;594;1254
90-94;293;456;749
95+;72;202;274
