Leeftijdsgroep;Man;Vrouw;Overleden
0-4;0;0;0
5-9;0;0;0
10-14;0;0;0
15-19;1;0;1
20-24;0;0;0
25-29;3;0;3
30-34;2;1;3
35-39;5;2;7
40-44;5;0;5
45-49;8;13;21
50-54;22;18;40
55-59;69;23;92
60-64;102;49;151
65-69;195;108;303
70-74;357;227;584
75-79;627;322;949
80-84;695;482;1177
85-89;657;586;1243
90-94;290;450;740
95+;72;199;271
