Leeftijdsgroep;Man;Vrouw;Overleden
0-4;0;0;0
5-9;0;0;0
10-14;0;0;0
15-19;1;0;1
20-24;0;0;0
25-29;3;0;3
30-34;2;1;3
35-39;4;1;5
40-44;4;0;4
45-49;5;10;15
50-54;19;17;36
55-59;57;19;76
60-64;86;38;124
65-69;173;91;264
70-74;304;187;491
75-79;547;270;817
80-84;578;392;970
85-89;549;447;996
90-94;234;329;563
95+;54;143;197
