Leeftijdsgroep;Man;Vrouw;Overleden
0-4;0;0;0
5-9;0;0;0
10-14;0;0;0
15-19;1;0;1
20-24;0;0;0
25-29;3;0;3
30-34;2;1;3
35-39;5;2;7
40-44;5;0;5
45-49;8;14;22
50-54;24;19;43
55-59;72;23;95
60-64;106;50;156
65-69;207;110;317
70-74;369;233;602
75-79;635;331;966
80-84;710;499;1209
85-89;672;616;1288
90-94;303;469;772
95+;73;213;286
