Leeftijdsgroep;Man;Vrouw;Overleden
0-4;0;0;0
5-9;0;0;0
10-14;0;0;0
15-19;0;0;0
20-24;0;0;0
25-29;3;0;3
30-34;1;1;2
35-39;1;1;2
40-44;3;0;3
45-49;2;5;7
50-54;9;11;20
55-59;28;14;42
60-64;55;23;78
65-69;115;58;173
70-74;196;99;295
75-79;359;161;520
80-84;388;235;623
85-89;351;242;593
90-94;119;171;290
95+;20;64;84
