Leeftijdsgroep;Man;Vrouw;Overleden
0-4;0;0;0
5-9;0;0;0
10-14;0;0;0
15-19;1;0;1
20-24;0;0;0
25-29;3;0;3
30-34;3;1;4
35-39;5;2;7
40-44;7;0;7
45-49;9;15;24
50-54;27;20;47
55-59;75;24;99
60-64;112;51;163
65-69;223;115;338
70-74;386;243;629
75-79;660;346;1006
80-84;744;527;1271
85-89;721;667;1388
90-94;324;514;838
95+;74;237;311
