Leeftijdsgroep;Man;Vrouw;Overleden
0-4;0;0;0
5-9;0;0;0
10-14;0;0;0
15-19;1;0;1
20-24;0;0;0
25-29;3;0;3
30-34;2;1;3
35-39;5;2;7
40-44;5;0;5
45-49;7;13;20
50-54;21;18;39
55-59;66;22;88
60-64;101;46;147
65-69;194;107;301
70-74;346;222;568
75-79;621;315;936
80-84;680;467;1147
85-89;641;564;1205
90-94;277;430;707
95+;70;193;263
