Leeftijdsgroep;Man;Vrouw;Overleden
0-4;0;0;0
5-9;0;0;0
10-14;0;0;0
15-19;1;0;1
20-24;0;0;0
25-29;3;0;3
30-34;3;1;4
35-39;5;2;7
40-44;7;0;7
45-49;9;15;24
50-54;29;20;49
55-59;75;25;100
60-64;114;51;165
65-69;227;116;343
70-74;390;247;637
75-79;668;353;1021
80-84;753;537;1290
85-89;729;675;1404
90-94;331;530;861
95+;75;239;314
