Leeftijdsgroep;Man;Vrouw;Overleden
0-4;0;0;0
5-9;0;0;0
10-14;0;0;0
15-19;1;0;1
20-24;0;0;0
25-29;3;0;3
30-34;2;1;3
35-39;5;2;7
40-44;5;0;5
45-49;9;14;23
50-54;26;19;45
55-59;73;24;97
60-64;109;50;159
65-69;214;112;326
70-74;377;237;614
75-79;648;338;986
80-84;727;509;1236
85-89;693;642;1335
90-94;308;490;798
95+;73;220;293
