Leeftijdsgroep;Man;Vrouw;Overleden
0-4;0;0;0
5-9;0;0;0
10-14;0;0;0
15-19;1;0;1
20-24;0;0;0
25-29;3;0;3
30-34;2;1;3
35-39;5;2;7
40-44;5;0;5
45-49;9;14;23
50-54;25;19;44
55-59;72;24;96
60-64;108;50;158
65-69;208;111;319
70-74;371;235;606
75-79;640;333;973
80-84;714;503;1217
85-89;680;619;1299
90-94;305;475;780
95+;73;215;288
