Leeftijdsgroep;Man;Vrouw;Overleden
0-4;0;0;0
5-9;0;0;0
10-14;0;0;0
15-19;1;0;1
20-24;0;0;0
25-29;3;0;3
30-34;1;1;2
35-39;3;1;4
40-44;4;0;4
45-49;3;6;9
50-54;18;13;31
55-59;41;15;56
60-64;71;36;107
65-69;154;71;225
70-74;254;151;405
75-79;462;217;679
80-84;489;319;808
85-89;455;331;786
90-94;169;250;419
95+;41;103;144
