Leeftijdsgroep;Man;Vrouw;Overleden
0-4;0;0;0
5-9;0;0;0
10-14;0;0;0
15-19;1;0;1
20-24;0;0;0
25-29;3;0;3
30-34;2;1;3
35-39;4;1;5
40-44;4;0;4
45-49;5;10;15
50-54;18;14;32
55-59;52;18;70
60-64;82;38;120
65-69;166;84;250
70-74;296;176;472
75-79;517;251;768
80-84;544;368;912
85-89;515;416;931
90-94;219;305;524
95+;54;124;178
