Leeftijdsgroep;Man;Vrouw;Overleden
0-4;0;0;0
5-9;0;0;0
10-14;0;0;0
15-19;1;0;1
20-24;0;0;0
25-29;3;0;3
30-34;2;1;3
35-39;5;2;7
40-44;5;0;5
45-49;7;13;20
50-54;22;18;40
55-59;68;23;91
60-64;102;48;150
65-69;195;108;303
70-74;353;225;578
75-79;625;321;946
80-84;692;481;1173
85-89;654;583;1237
90-94;289;448;737
95+;71;197;268
