Leeftijdsgroep;Man;Vrouw;Overleden
0-4;0;0;0
5-9;0;0;0
10-14;0;0;0
15-19;1;0;1
20-24;0;0;0
25-29;3;0;3
30-34;2;1;3
35-39;5;2;7
40-44;5;0;5
45-49;8;14;22
50-54;24;18;42
55-59;71;23;94
60-64;103;49;152
65-69;205;109;314
70-74;363;231;594
75-79;631;327;958
80-84;701;490;1191
85-89;664;598;1262
90-94;296;459;755
95+;72;205;277
