Leeftijdsgroep;Man;Vrouw;Overleden
0-4;0;0;0
5-9;0;0;0
10-14;0;0;0
15-19;1;0;1
20-24;0;0;0
25-29;3;0;3
30-34;2;1;3
35-39;4;1;5
40-44;4;0;4
45-49;5;10;15
50-54;19;17;36
55-59;58;20;78
60-64;87;42;129
65-69;180;93;273
70-74;311;196;507
75-79;557;275;832
80-84;597;404;1001
85-89;563;463;1026
90-94;242;342;584
95+;57;156;213
