Leeftijdsgroep;Man;Vrouw;Overleden
0-4;0;0;0
5-9;0;0;0
10-14;0;0;0
15-19;0;0;0
20-24;0;0;0
25-29;1;0;1
30-34;0;1;1
35-39;1;0;1
40-44;2;0;2
45-49;2;4;6
50-54;8;9;17
55-59;23;12;35
60-64;45;19;64
65-69;97;45;142
70-74;157;87;244
75-79;300;134;434
80-84;339;187;526
85-89;294;188;482
90-94;97;130;227
95+;16;48;64
Niet vermeld;1;1;2
