Leeftijdsgroep;Man;Vrouw;Overleden
0-4;0;0;0
5-9;0;0;0
10-14;0;0;0
15-19;1;0;1
20-24;0;0;0
25-29;3;0;3
30-34;2;1;3
35-39;5;1;6
40-44;5;0;5
45-49;6;11;17
50-54;19;17;36
55-59;60;21;81
60-64;95;45;140
65-69;186;100;286
70-74;320;206;526
75-79;580;293;873
80-84;636;428;1064
85-89;592;501;1093
90-94;254;369;623
95+;61;168;229
