Leeftijdsgroep;Man;Vrouw;Overleden
0-4;0;0;0
5-9;0;0;0
10-14;0;0;0
15-19;1;0;1
20-24;0;0;0
25-29;3;0;3
30-34;3;1;4
35-39;5;2;7
40-44;7;0;7
45-49;9;15;24
50-54;27;20;47
55-59;75;25;100
60-64;114;51;165
65-69;225;116;341
70-74;389;246;635
75-79;668;352;1020
80-84;752;537;1289
85-89;727;670;1397
90-94;330;523;853
95+;75;239;314
