Leeftijdsgroep;Man;Vrouw;Overleden
0-4;0;0;0
5-9;0;0;0
10-14;0;0;0
15-19;1;0;1
20-24;0;0;0
25-29;3;0;3
30-34;3;1;4
35-39;5;2;7
40-44;7;0;7
45-49;9;15;24
50-54;27;20;47
55-59;75;24;99
60-64;113;52;165
65-69;223;115;338
70-74;386;242;628
75-79;661;346;1007
80-84;744;528;1272
85-89;718;667;1385
90-94;324;515;839
95+;74;235;309
