Leeftijdsgroep;Man;Vrouw;Overleden
0-4;0;0;0
5-9;0;0;0
10-14;0;0;0
15-19;0;0;0
20-24;0;0;0
25-29;3;0;3
30-34;1;1;2
35-39;2;1;3
40-44;3;0;3
45-49;2;5;7
50-54;14;13;27
55-59;31;14;45
60-64;59;27;86
65-69;127;61;188
70-74;216;107;323
75-79;389;172;561
80-84;409;252;661
85-89;371;259;630
90-94;130;182;312
95+;24;69;93
