Leeftijdsgroep;Man;Vrouw;Overleden
0-4;0;0;0
5-9;0;0;0
10-14;0;0;0
15-19;1;0;1
20-24;0;0;0
25-29;3;0;3
30-34;2;1;3
35-39;5;2;7
40-44;5;0;5
45-49;9;14;23
50-54;26;19;45
55-59;73;24;97
60-64;109;50;159
65-69;213;112;325
70-74;376;236;612
75-79;647;337;984
80-84;723;507;1230
85-89;688;638;1326
90-94;306;485;791
95+;73;219;292
