Leeftijdsgroep;Man;Vrouw;Overleden
0-4;0;0;0
5-9;0;0;0
10-14;0;0;0
15-19;0;0;0
20-24;0;0;0
25-29;2;0;2
30-34;1;1;2
35-39;1;1;2
40-44;2;0;2
45-49;2;5;7
50-54;9;10;19
55-59;25;12;37
60-64;50;21;71
65-69;106;54;160
70-74;175;94;269
75-79;331;146;477
80-84;372;217;589
85-89;324;217;541
90-94;109;149;258
95+;19;54;73
