Leeftijdsgroep;Man;Vrouw;Overleden
0-4;0;0;0
5-9;0;0;0
10-14;0;0;0
15-19;1;0;1
20-24;0;0;0
25-29;3;0;3
30-34;2;1;3
35-39;5;1;6
40-44;5;0;5
45-49;6;11;17
50-54;19;18;37
55-59;60;21;81
60-64;95;46;141
65-69;187;101;288
70-74;326;210;536
75-79;586;294;880
80-84;647;436;1083
85-89;597;512;1109
90-94;256;373;629
95+;63;173;236
