Leeftijdsgroep;Man;Vrouw;Overleden
0-4;0;0;0
5-9;0;0;0
10-14;0;0;0
15-19;0;0;0
20-24;0;0;0
25-29;3;0;3
30-34;1;1;2
35-39;3;1;4
40-44;3;0;3
45-49;3;5;8
50-54;18;12;30
55-59;38;15;53
60-64;66;30;96
65-69;138;65;203
70-74;236;131;367
75-79;433;196;629
80-84;450;281;731
85-89;410;295;705
90-94;146;220;366
95+;30;84;114
