Leeftijdsgroep;Man;Vrouw;Overleden
0-4;0;0;0
5-9;0;0;0
10-14;0;0;0
15-19;0;0;0
20-24;0;0;0
25-29;2;0;2
30-34;0;1;1
35-39;1;1;2
40-44;2;0;2
45-49;2;5;7
50-54;8;9;17
55-59;23;12;35
60-64;48;21;69
65-69;104;50;154
70-74;170;91;261
75-79;319;140;459
80-84;357;203;560
85-89;309;204;513
90-94;104;142;246
95+;17;49;66
