Leeftijdsgroep;Man;Vrouw;Overleden
0-4;0;0;0
5-9;0;0;0
10-14;0;0;0
15-19;1;0;1
20-24;0;0;0
25-29;3;0;3
30-34;2;1;3
35-39;5;2;7
40-44;5;0;5
45-49;8;14;22
50-54;24;18;42
55-59;71;23;94
60-64;104;50;154
65-69;206;110;316
70-74;365;233;598
75-79;634;329;963
80-84;707;498;1205
85-89;671;612;1283
90-94;302;464;766
95+;73;213;286
