Leeftijdsgroep;Man;Vrouw;Overleden
0-4;0;0;0
5-9;0;0;0
10-14;0;0;0
15-19;1;0;1
20-24;0;0;0
25-29;3;0;3
30-34;2;1;3
35-39;4;1;5
40-44;4;0;4
45-49;5;10;15
50-54;18;14;32
55-59;54;19;73
60-64;83;38;121
65-69;170;88;258
70-74;300;181;481
75-79;533;259;792
80-84;560;378;938
85-89;529;424;953
90-94;226;318;544
95+;54;131;185
