Leeftijdsgroep;Man;Vrouw;Overleden
0-4;0;0;0
5-9;0;0;0
10-14;0;0;0
15-19;1;0;1
20-24;0;0;0
25-29;3;0;3
30-34;2;1;3
35-39;5;2;7
40-44;5;0;5
45-49;7;12;19
50-54;21;18;39
55-59;66;22;88
60-64;100;46;146
65-69;194;107;301
70-74;345;221;566
75-79;621;315;936
80-84;676;465;1141
85-89;641;561;1202
90-94;277;428;705
95+;68;192;260
