Leeftijdsgroep;Man;Vrouw;Overleden
0-4;0;0;0
5-9;0;0;0
10-14;0;0;0
15-19;1;0;1
20-24;0;0;0
25-29;3;0;3
30-34;2;1;3
35-39;5;1;6
40-44;5;0;5
45-49;6;11;17
50-54;19;18;37
55-59;61;21;82
60-64;97;47;144
65-69;188;103;291
70-74;333;215;548
75-79;596;300;896
80-84;657;447;1104
85-89;608;525;1133
90-94;265;389;654
95+;65;178;243
