Leeftijdsgroep;Man;Vrouw;Overleden
0-4;0;0;0
5-9;0;0;0
10-14;0;0;0
15-19;0;0;0
20-24;0;0;0
25-29;3;0;3
30-34;1;1;2
35-39;1;1;2
40-44;3;0;3
45-49;2;5;7
50-54;12;12;24
55-59;30;14;44
60-64;56;25;81
65-69;118;60;178
70-74;200;104;304
75-79;372;165;537
80-84;398;244;642
85-89;360;247;607
90-94;123;176;299
95+;23;65;88
