Leeftijdsgroep;Man;Vrouw;Overleden
0-4;0;0;0
5-9;0;0;0
10-14;0;0;0
15-19;1;0;1
20-24;0;0;0
25-29;3;0;3
30-34;2;1;3
35-39;5;1;6
40-44;5;0;5
45-49;5;11;16
50-54;19;17;36
55-59;59;21;80
60-64;89;43;132
65-69;181;93;274
70-74;314;202;516
75-79;560;282;842
80-84;607;414;1021
85-89;570;476;1046
90-94;245;350;595
95+;58;160;218
