Leeftijdsgroep;Man;Vrouw;Overleden
0-4;0;0;0
5-9;0;0;0
10-14;0;0;0
15-19;1;0;1
20-24;0;0;0
25-29;3;0;3
30-34;2;1;3
35-39;5;1;6
40-44;5;0;5
45-49;7;12;19
50-54;19;18;37
55-59;65;21;86
60-64;99;46;145
65-69;193;107;300
70-74;342;220;562
75-79;617;311;928
80-84;670;460;1130
85-89;628;553;1181
90-94;275;417;692
95+;68;188;256
