Leeftijdsgroep;Man;Vrouw;Overleden
0-4;0;0;0
5-9;0;0;0
10-14;0;0;0
15-19;1;0;1
20-24;0;0;0
25-29;3;0;3
30-34;1;1;2
35-39;3;1;4
40-44;4;0;4
45-49;3;6;9
50-54;18;12;30
55-59;38;15;53
60-64;70;34;104
65-69;150;71;221
70-74;248;147;395
75-79;457;210;667
80-84;482;314;796
85-89;446;322;768
90-94;163;242;405
95+;39;99;138
