Leeftijdsgroep;Man;Vrouw;Overleden
0-4;0;0;0
5-9;0;0;0
10-14;0;0;0
15-19;1;0;1
20-24;0;0;0
25-29;3;0;3
30-34;3;1;4
35-39;5;2;7
40-44;6;0;6
45-49;9;14;23
50-54;27;20;47
55-59;75;24;99
60-64;112;52;164
65-69;218;114;332
70-74;383;243;626
75-79;658;344;1002
80-84;738;524;1262
85-89;710;663;1373
90-94;319;506;825
95+;75;229;304
