Leeftijdsgroep;Man;Vrouw;Overleden
0-4;0;0;0
5-9;0;0;0
10-14;0;0;0
15-19;1;0;1
20-24;0;0;0
25-29;3;0;3
30-34;2;1;3
35-39;5;2;7
40-44;5;0;5
45-49;8;14;22
50-54;24;18;42
55-59;71;23;94
60-64;104;50;154
65-69;206;109;315
70-74;364;232;596
75-79;634;329;963
80-84;703;493;1196
85-89;667;607;1274
90-94;298;460;758
95+;72;210;282
