Leeftijdsgroep;Man;Vrouw;Overleden
0-4;0;0;0
5-9;0;0;0
10-14;0;0;0
15-19;1;0;1
20-24;0;0;0
25-29;3;0;3
30-34;2;1;3
35-39;5;2;7
40-44;5;0;5
45-49;9;14;23
50-54;26;19;45
55-59;73;24;97
60-64;110;51;161
65-69;214;112;326
70-74;378;239;617
75-79;648;338;986
80-84;727;512;1239
85-89;696;646;1342
90-94;310;491;801
95+;73;222;295
