Leeftijdsgroep;Man;Vrouw;Overleden
0-4;0;0;0
5-9;0;0;0
10-14;0;0;0
15-19;1;0;1
20-24;0;0;0
25-29;3;0;3
30-34;3;1;4
35-39;5;2;7
40-44;6;0;6
45-49;9;15;24
50-54;27;20;47
55-59;75;24;99
60-64;112;52;164
65-69;220;114;334
70-74;384;243;627
75-79;660;345;1005
80-84;741;524;1265
85-89;713;664;1377
90-94;323;509;832
95+;75;230;305
