Leeftijdsgroep;Man;Vrouw;Overleden
0-4;0;0;0
5-9;0;0;0
10-14;0;0;0
15-19;1;0;1
20-24;0;0;0
25-29;3;0;3
30-34;2;1;3
35-39;5;2;7
40-44;5;0;5
45-49;9;14;23
50-54;25;19;44
55-59;72;23;95
60-64;107;50;157
65-69;208;110;318
70-74;371;234;605
75-79;639;332;971
80-84;713;502;1215
85-89;679;619;1298
90-94;305;473;778
95+;73;215;288
