Leeftijdsgroep;Man;Vrouw;Overleden
0-4;0;0;0
5-9;0;0;0
10-14;0;0;0
15-19;1;0;1
20-24;0;0;0
25-29;3;0;3
30-34;1;1;2
35-39;3;1;4
40-44;4;0;4
45-49;3;6;9
50-54;18;13;31
55-59;43;16;59
60-64;72;36;108
65-69;154;72;226
70-74;261;155;416
75-79;470;226;696
80-84;495;322;817
85-89;463;336;799
90-94;174;253;427
95+;42;106;148
