Leeftijdsgroep;Man;Vrouw;Overleden
0-4;0;0;0
5-9;0;0;0
10-14;0;0;0
15-19;1;0;1
20-24;0;0;0
25-29;3;0;3
30-34;2;1;3
35-39;5;2;7
40-44;5;0;5
45-49;7;13;20
50-54;22;18;40
55-59;67;23;90
60-64;101;47;148
65-69;194;107;301
70-74;350;223;573
75-79;623;320;943
80-84;687;475;1162
85-89;650;574;1224
90-94;282;442;724
95+;71;195;266
