Leeftijdsgroep;Man;Vrouw;Overleden
0-4;0;0;0
5-9;0;0;0
10-14;0;0;0
15-19;1;0;1
20-24;0;0;0
25-29;3;0;3
30-34;2;1;3
35-39;5;2;7
40-44;5;0;5
45-49;9;14;23
50-54;25;19;44
55-59;73;24;97
60-64;108;50;158
65-69;211;111;322
70-74;374;236;610
75-79;645;336;981
80-84;721;506;1227
85-89;685;627;1312
90-94;306;482;788
95+;73;217;290
